MEMORY
  total            13.2 MB
  struct          159.1 KB
  buffer           27.5 KB
  arena            13.0 MB, used 0.2%

SIZES
  narena                13631488
  nbuffer               28192
  nplugin               0
  maxuse_stack          1904
  maxuse_arena          29984
  maxuse_con            1
  maxuse_efc            4
  ncon                  0
  ne                    0
  nf                    0
  nl                    0
  nefc                  0
  nJ                    0
  nA                    0
  nisland               0
  nidof                 0
  threadpool            0

TIMER
    0:  duration =  0.7        number = 1
    1:  duration =  0.65       number = 4
    2:  duration =  0          number = 0
    3:  duration =  0.5        number = 4
    4:  duration =  0.078      number = 4
    5:  duration =  0.022      number = 4
    6:  duration =  0.0021     number = 4
    7:  duration =  0          number = 0
    8:  duration =  0.24       number = 4
    9:  duration =  0.025      number = 4
    10:  duration =  0.16       number = 4
    11:  duration =  0.061      number = 4
    12:  duration =  0.0035     number = 4
    13:  duration =  0.08       number = 4
    14:  duration =  0.065      number = 4

ENERGY =   0         0       

TIME =  9.7     

QPOS
   3.3     
   6.7     
   10      
   0.3     
  -0.016   
  -0.019   
  -0.95    

QVEL
   0.46    
   1.8     
   9.8     
   0.015   
   0.78    
   12      

QACC_WARMSTART
   0.26    
   0.77    
   5.3     
  -8.2     
   0.16    
   3.4e-15 

CTRL
   4       
   4       
   4       
   4       

QFRC_APPLIED
   0       
   0       
   0       
   0       
   0       
   0       

XFRC_APPLIED
   0         0         0         0         0         0       
   0         0         0         0         0         0       

QACC
   0.26    
   0.77    
   5.3     
  -8.2     
   0.16    
   3.4e-15 

XPOS
   0         0         0       
   3.3       6.7       10      

XQUAT
   1         0         0         0       
   0.3      -0.016    -0.019    -0.95    

XMAT
   1         0         0         0         1         0         0         0         1       
  -0.82      0.57      0.02     -0.57     -0.82      0.046     0.043     0.027     1       

XIPOS
   0         0         0       
   3.3       6.7       10      

XIMAT
   1         0         0         0         1         0         0         0         1       
   0.02      0.82     -0.57      0.046     0.57      0.82      1        -0.043    -0.027   

XANCHOR
   3.3       6.7       10      

XAXIS
   0         0         1       

GEOM_XPOS
   0         0         0       
  -4        -4         0.05    
  -4        -4         0.4     
   4         4         0.05    
   4         4         0.4     
  -1         1         1       
  -3         1         1       
   1         3         1       
   1         1         1       
  -3         3         1       
   1        -3         1       
  -1        -3         1       
   3         3         1       
  -1        -1         1       
  -1         3         1       
   0         0        -10      
   0         0        -10      
   0         0        -10      
   0         0        -10      
   0         0        -10      
   0         0        -10      
   0         0        -10      
   0         0        -10      
   0         0        -10      
   0         0        -10      
   0         0        -10      
  -4        -4         1       
  -3.9      -4         1       
  -3.9      -4         1       
  -3.8      -3.9       0.99    
  -3.7      -3.9       0.99    
  -3.6      -3.9       0.99    
  -3.6      -3.8       0.99    
  -3.5      -3.8       0.99    
  -3.4      -3.7       0.99    
  -3.4      -3.7       0.98    
  -3.3      -3.7       0.98    
  -3.2      -3.6       0.98    
  -3.2      -3.6       0.98    
  -3.1      -3.6       0.98    
  -3        -3.5       0.98    
  -3        -3.5       0.98    
  -2.9      -3.4       0.98    
  -2.8      -3.4       0.98    
  -2.7      -3.4       0.98    
  -2.7      -3.3       0.98    
  -2.6      -3.3       0.97    
  -2.5      -3.3       0.97    
  -2.5      -3.2       0.97    
  -2.4      -3.1       0.97    
  -2.4      -3.1       0.97    
  -2.3      -3         0.97    
  -2.3      -2.9       0.97    
  -2.2      -2.9       0.97    
  -2.1      -2.8       0.97    
  -2.1      -2.8       0.97    
  -2        -2.7       0.97    
  -2        -2.7       0.97    
  -1.9      -2.6       0.97    
  -1.9      -2.6       0.97    
  -1.8      -2.5       0.97    
  -1.8      -2.4       0.97    
  -1.7      -2.4       0.97    
  -1.7      -2.3       0.97    
  -1.7      -2.2       0.97    
  -1.6      -2.2       0.97    
  -1.5      -2.1       0.97    
  -1.5      -2         0.97    
  -1.4      -2         0.97    
  -1.4      -2         0.97    
  -1.3      -1.9       0.97    
  -1.3      -1.8       0.97    
  -1.3      -1.8       0.97    
  -1.2      -1.7       0.97    
  -1.1      -1.7       0.97    
  -1.1      -1.6       0.97    
  -1        -1.6       0.97    
  -0.99     -1.5       0.97    
  -0.94     -1.4       0.97    
  -0.88     -1.4       0.97    
  -0.85     -1.3       0.97    
  -0.78     -1.3       0.97    
  -0.72     -1.2       0.97    
  -0.65     -1.1       0.97    
  -0.61     -1.1       0.97    
  -0.54     -1         0.97    
  -0.49     -0.97      0.97    
  -0.42     -0.93      0.97    
  -0.38     -0.85      0.97    
  -0.32     -0.81      0.97    
  -0.27     -0.74      0.97    
  -0.23     -0.68      0.97    
  -0.16     -0.63      0.97    
  -0.1      -0.57      0.97    
  -0.048    -0.51      0.97    
   0.015    -0.47      0.97    
   0.064    -0.42      0.97    
   0.081    -0.34      0.97    
   0.13     -0.29      0.97    
   0.17     -0.21      0.97    
   0.22     -0.15      0.97    
   0.26     -0.12      0.97    
   0.31     -0.064     0.97    
   0.37      0.0017    0.97    
   0.42      0.078     0.97    
   0.46      0.13      0.97    
   0.51      0.17      0.97    
   0.54      0.2       0.97    
   0.61      0.26      0.97    
   0.66      0.34      0.97    
   0.72      0.4       0.97    
   0.78      0.47      0.97    
   0.85      0.54      0.97    
   0.88      0.58      0.97    
   0.93      0.64      0.97    
   0.99      0.68      0.97    
   1         0.72      0.97    
   1.1       0.77      0.97    
   1.1       0.82      0.97    
   1.2       0.88      0.97    
   1.3       0.93      0.97    
   1.3       0.98      0.97    
   1.4       1         0.97    
   1.4       1.1       0.97    
   1.5       1.1       0.97    
   1.5       1.2       0.97    
   1.6       1.2       0.97    
   1.6       1.3       0.97    
   1.6       1.3       0.97    
   1.7       1.4       0.97    
   1.7       1.4       0.97    
   1.7       1.5       0.97    
   1.8       1.5       0.97    
   1.9       1.6       0.97    
   1.9       1.6       0.97    
   2         1.6       0.97    
   2         1.7       0.97    
   2.1       1.7       0.97    
   2.1       1.8       0.97    
   2.2       1.8       0.97    
   2.3       1.9       0.97    
   2.3       1.9       0.97    
   2.4       2         0.97    
   2.4       2         0.97    
   2.5       2.1       0.97    
   2.5       2.1       0.97    
   2.6       2.2       0.97    
   2.6       2.2       0.97    
   2.7       2.2       0.97    
   2.7       2.3       0.97    
   2.7       2.3       0.97    
   2.8       2.4       0.97    
   2.8       2.4       0.97    
   2.8       2.4       0.97    
   2.9       2.4       0.97    
   2.9       2.5       0.97    
   2.9       2.5       0.97    
   3         2.5       0.97    
   3         2.6       0.97    
   3.1       2.6       0.97    
   3.1       2.7       0.97    
   3.2       2.7       0.97    
   3.2       2.8       0.97    
   3.3       2.8       0.97    
   3.3       2.9       0.97    
   3.3       2.9       0.97    
   3.4       3         0.97    
   3.4       3         0.97    
   3.4       3.1       0.97    
   3.4       3.1       0.97    
   3.4       3.2       0.97    
   3.4       3.2       0.97    
   3.4       3.2       0.97    
   3.4       3.2       0.97    
   3.4       3.3       0.97    
   3.4       3.4       0.97    
   3.5       3.4       0.97    
   3.5       3.4       0.97    
   3.5       3.5       0.97    
   3.5       3.5       0.97    
   3.5       3.5       0.97    
   3.5       3.6       0.97    
   3.5       3.7       0.97    
   3.6       3.7       0.97    
   0         0        -10      
   0         0        -10      
   0         0        -10      
   0         0        -10      
   0         0        -10      
   0         0        -10      
   0         0        -10      
   0         0        -10      
   0         0        -10      
   0         0        -10      
   0         0        -10      
   0         0        -10      
   0         0        -10      
   0         0        -10      
   0         0        -10      
   0         0        -10      
   0         0        -10      
   0         0        -10      
   0         0        -10      
   0         0        -10      
   0         0        -10      
   0         0        -10      
   0         0        -10      
   0         0        -10      
   0         0        -10      
   0         0        -10      
   0         0        -10      
   0         0        -10      
   0         0        -10      
   0         0        -10      
   0         0        -10      
   3.3       6.7       10      
   3.1       6.2       0.059   
   3.1       6.2       0.059   
   3.1       6.2       0.059   
   3.1       6.2       0.059   
   3.1       6.2       0.059   
   3.1       6.2       0.059   
   3.1       6.2       0.059   
   3.1       6.2       0.059   
   3.1       6.2       0.059   
   3.1       6.2       0.059   

GEOM_XMAT
   1         0         0         0         1         0         0         0         1       
   1         0         0         0         1         0         0         0         1       
   1         0         0         0         1         0         0         0         1       
   1         0         0         0         1         0         0         0         1       
   1         0         0         0         1         0         0         0         1       
   1         0         0         0         1         0         0         0         1       
   1         0         0         0         1         0         0         0         1       
   1         0         0         0         1         0         0         0         1       
   1         0         0         0         1         0         0         0         1       
   1         0         0         0         1         0         0         0         1       
   1         0         0         0         1         0         0         0         1       
   1         0         0         0         1         0         0         0         1       
   1         0         0         0         1         0         0         0         1       
   1         0         0         0         1         0         0         0         1       
   1         0         0         0         1         0         0         0         1       
   1         0         0         0         1         0         0         0         1       
   1         0         0         0         1         0         0         0         1       
   1         0         0         0         1         0         0         0         1       
   1         0         0         0         1         0         0         0         1       
   1         0         0         0         1         0         0         0         1       
   1         0         0         0         1         0         0         0         1       
   1         0         0         0         1         0         0         0         1       
   1         0         0         0         1         0         0         0         1       
   1         0         0         0         1         0         0         0         1       
   1         0         0         0         1         0         0         0         1       
   1         0         0         0         1         0         0         0         1       
   1         0         0         0         1         0         0         0         1       
   1         0         0         0         1         0         0         0         1       
   1         0         0         0         1         0         0         0         1       
   1         0         0         0         1         0         0         0         1       
   1         0         0         0         1         0         0         0         1       
   1         0         0         0         1         0         0         0         1       
   1         0         0         0         1         0         0         0         1       
   1         0         0         0         1         0         0         0         1       
   1         0         0         0         1         0         0         0         1       
   1         0         0         0         1         0         0         0         1       
   1         0         0         0         1         0         0         0         1       
   1         0         0         0         1         0         0         0         1       
   1         0         0         0         1         0         0         0         1       
   1         0         0         0         1         0         0         0         1       
   1         0         0         0         1         0         0         0         1       
   1         0         0         0         1         0         0         0         1       
   1         0         0         0         1         0         0         0         1       
   1         0         0         0         1         0         0         0         1       
   1         0         0         0         1         0         0         0         1       
   1         0         0         0         1         0         0         0         1       
   1         0         0         0         1         0         0         0         1       
   1         0         0         0         1         0         0         0         1       
   1         0         0         0         1         0         0         0         1       
   1         0         0         0         1         0         0         0         1       
   1         0         0         0         1         0         0         0         1       
   1         0         0         0         1         0         0         0         1       
   1         0         0         0         1         0         0         0         1       
   1         0         0         0         1         0         0         0         1       
   1         0         0         0         1         0         0         0         1       
   1         0         0         0         1         0         0         0         1       
   1         0         0         0         1         0         0         0         1       
   1         0         0         0         1         0         0         0         1       
   1         0         0         0         1         0         0         0         1       
   1         0         0         0         1         0         0         0         1       
   1         0         0         0         1         0         0         0         1       
   1         0         0         0         1         0         0         0         1       
   1         0         0         0         1         0         0         0         1       
   1         0         0         0         1         0         0         0         1       
   1         0         0         0         1         0         0         0         1       
   1         0         0         0         1         0         0         0         1       
   1         0         0         0         1         0         0         0         1       
   1         0         0         0         1         0         0         0         1       
   1         0         0         0         1         0         0         0         1       
   1         0         0         0         1         0         0         0         1       
   1         0         0         0         1         0         0         0         1       
   1         0         0         0         1         0         0         0         1       
   1         0         0         0         1         0         0         0         1       
   1         0         0         0         1         0         0         0         1       
   1         0         0         0         1         0         0         0         1       
   1         0         0         0         1         0         0         0         1       
   1         0         0         0         1         0         0         0         1       
   1         0         0         0         1         0         0         0         1       
   1         0         0         0         1         0         0         0         1       
   1         0         0         0         1         0         0         0         1       
   1         0         0         0         1         0         0         0         1       
   1         0         0         0         1         0         0         0         1       
   1         0         0         0         1         0         0         0         1       
   1         0         0         0         1         0         0         0         1       
   1         0         0         0         1         0         0         0         1       
   1         0         0         0         1         0         0         0         1       
   1         0         0         0         1         0         0         0         1       
   1         0         0         0         1         0         0         0         1       
   1         0         0         0         1         0         0         0         1       
   1         0         0         0         1         0         0         0         1       
   1         0         0         0         1         0         0         0         1       
   1         0         0         0         1         0         0         0         1       
   1         0         0         0         1         0         0         0         1       
   1         0         0         0         1         0         0         0         1       
   1         0         0         0         1         0         0         0         1       
   1         0         0         0         1         0         0         0         1       
   1         0         0         0         1         0         0         0         1       
   1         0         0         0         1         0         0         0         1       
   1         0         0         0         1         0         0         0         1       
   1         0         0         0         1         0         0         0         1       
   1         0         0         0         1         0         0         0         1       
   1         0         0         0         1         0         0         0         1       
   1         0         0         0         1         0         0         0         1       
   1         0         0         0         1         0         0         0         1       
   1         0         0         0         1         0         0         0         1       
   1         0         0         0         1         0         0         0         1       
   1         0         0         0         1         0         0         0         1       
   1         0         0         0         1         0         0         0         1       
   1         0         0         0         1         0         0         0         1       
   1         0         0         0         1         0         0         0         1       
   1         0         0         0         1         0         0         0         1       
   1         0         0         0         1         0         0         0         1       
   1         0         0         0         1         0         0         0         1       
   1         0         0         0         1         0         0         0         1       
   1         0         0         0         1         0         0         0         1       
   1         0         0         0         1         0         0         0         1       
   1         0         0         0         1         0         0         0         1       
   1         0         0         0         1         0         0         0         1       
   1         0         0         0         1         0         0         0         1       
   1         0         0         0         1         0         0         0         1       
   1         0         0         0         1         0         0         0         1       
   1         0         0         0         1         0         0         0         1       
   1         0         0         0         1         0         0         0         1       
   1         0         0         0         1         0         0         0         1       
   1         0         0         0         1         0         0         0         1       
   1         0         0         0         1         0         0         0         1       
   1         0         0         0         1         0         0         0         1       
   1         0         0         0         1         0         0         0         1       
   1         0         0         0         1         0         0         0         1       
   1         0         0         0         1         0         0         0         1       
   1         0         0         0         1         0         0         0         1       
   1         0         0         0         1         0         0         0         1       
   1         0         0         0         1         0         0         0         1       
   1         0         0         0         1         0         0         0         1       
   1         0         0         0         1         0         0         0         1       
   1         0         0         0         1         0         0         0         1       
   1         0         0         0         1         0         0         0         1       
   1         0         0         0         1         0         0         0         1       
   1         0         0         0         1         0         0         0         1       
   1         0         0         0         1         0         0         0         1       
   1         0         0         0         1         0         0         0         1       
   1         0         0         0         1         0         0         0         1       
   1         0         0         0         1         0         0         0         1       
   1         0         0         0         1         0         0         0         1       
   1         0         0         0         1         0         0         0         1       
   1         0         0         0         1         0         0         0         1       
   1         0         0         0         1         0         0         0         1       
   1         0         0         0         1         0         0         0         1       
   1         0         0         0         1         0         0         0         1       
   1         0         0         0         1         0         0         0         1       
   1         0         0         0         1         0         0         0         1       
   1         0         0         0         1         0         0         0         1       
   1         0         0         0         1         0         0         0         1       
   1         0         0         0         1         0         0         0         1       
   1         0         0         0         1         0         0         0         1       
   1         0         0         0         1         0         0         0         1       
   1         0         0         0         1         0         0         0         1       
   1         0         0         0         1         0         0         0         1       
   1         0         0         0         1         0         0         0         1       
   1         0         0         0         1         0         0         0         1       
   1         0         0         0         1         0         0         0         1       
   1         0         0         0         1         0         0         0         1       
   1         0         0         0         1         0         0         0         1       
   1         0         0         0         1         0         0         0         1       
   1         0         0         0         1         0         0         0         1       
   1         0         0         0         1         0         0         0         1       
   1         0         0         0         1         0         0         0         1       
   1         0         0         0         1         0         0         0         1       
   1         0         0         0         1         0         0         0         1       
   1         0         0         0         1         0         0         0         1       
   1         0         0         0         1         0         0         0         1       
   1         0         0         0         1         0         0         0         1       
   1         0         0         0         1         0         0         0         1       
   1         0         0         0         1         0         0         0         1       
   1         0         0         0         1         0         0         0         1       
   1         0         0         0         1         0         0         0         1       
   1         0         0         0         1         0         0         0         1       
   1         0         0         0         1         0         0         0         1       
   1         0         0         0         1         0         0         0         1       
   1         0         0         0         1         0         0         0         1       
   1         0         0         0         1         0         0         0         1       
   1         0         0         0         1         0         0         0         1       
   1         0         0         0         1         0         0         0         1       
   1         0         0         0         1         0         0         0         1       
   1         0         0         0         1         0         0         0         1       
   1         0         0         0         1         0         0         0         1       
   1         0         0         0         1         0         0         0         1       
   1         0         0         0         1         0         0         0         1       
   1         0         0         0         1         0         0         0         1       
   1         0         0         0         1         0         0         0         1       
   1         0         0         0         1         0         0         0         1       
   1         0         0         0         1         0         0         0         1       
   1         0         0         0         1         0         0         0         1       
   1         0         0         0         1         0         0         0         1       
   1         0         0         0         1         0         0         0         1       
   1         0         0         0         1         0         0         0         1       
   1         0         0         0         1         0         0         0         1       
   1         0         0         0         1         0         0         0         1       
   1         0         0         0         1         0         0         0         1       
   1         0         0         0         1         0         0         0         1       
   1         0         0         0         1         0         0         0         1       
   1         0         0         0         1         0         0         0         1       
   1         0         0         0         1         0         0         0         1       
   1         0         0         0         1         0         0         0         1       
   1         0         0         0         1         0         0         0         1       
   1         0         0         0         1         0         0         0         1       
   1         0         0         0         1         0         0         0         1       
   1         0         0         0         1         0         0         0         1       
   1         0         0         0         1         0         0         0         1       
   1         0         0         0         1         0         0         0         1       
   1         0         0         0         1         0         0         0         1       
   1         0         0         0         1         0         0         0         1       
   1         0         0         0         1         0         0         0         1       
   1         0         0         0         1         0         0         0         1       
   1         0         0         0         1         0         0         0         1       
  -0.82      0.57      0.02     -0.57     -0.82      0.046     0.043     0.027     1       
  -0.82      0.57      0.02     -0.57     -0.82      0.046     0.043     0.027     1       
  -0.82      0.57      0.02     -0.57     -0.82      0.046     0.043     0.027     1       
  -0.82      0.57      0.02     -0.57     -0.82      0.046     0.043     0.027     1       
  -0.82      0.57      0.02     -0.57     -0.82      0.046     0.043     0.027     1       
  -0.82      0.57      0.02     -0.57     -0.82      0.046     0.043     0.027     1       
  -0.82      0.57      0.02     -0.57     -0.82      0.046     0.043     0.027     1       
  -0.82      0.57      0.02     -0.57     -0.82      0.046     0.043     0.027     1       
  -0.82      0.57      0.02     -0.57     -0.82      0.046     0.043     0.027     1       
  -0.82      0.57      0.02     -0.57     -0.82      0.046     0.043     0.027     1       
  -0.82      0.57      0.02     -0.57     -0.82      0.046     0.043     0.027     1       

SITE_XPOS
   3.3       6.6       10      
   3.5       6.7       10      
   3.2       6.7       10      
   3.4       6.8       10      

SITE_XMAT
  -0.82      0.57      0.02     -0.57     -0.82      0.046     0.043     0.027     1       
  -0.82      0.57      0.02     -0.57     -0.82      0.046     0.043     0.027     1       
  -0.82      0.57      0.02     -0.57     -0.82      0.046     0.043     0.027     1       
  -0.82      0.57      0.02     -0.57     -0.82      0.046     0.043     0.027     1       

LIGHT_XPOS
   0         0         4       

LIGHT_XDIR
   0         0        -1       

SUBTREE_COM
   3.3       6.7       10      
   3.3       6.7       10      

CDOF
   0         0         0         1         0         0       
   0         0         0         0         1         0       
   0         0         0         0         0         1       
  -0.82     -0.57      0.043    -0.0028    0.004    -0.00013 
   0.57     -0.82      0.027    -0.004    -0.0028    0.00021 
   0.02      0.046     1         7.2e-16   1.3e-16  -2.1e-17 

CINERT
   0         0         0         0         0         0         0         0         0         0       
   0.0054    0.0054    0.01      4.6e-06   9.9e-05   0.00023   0         9.4e-16   0         1.1     

ACTUATOR_LENGTH
   0       
   0       
   0       
   0       

actuator_moment
--------
 xxxxx  |
 xxxxx  |
 xxxxxx |
 xxxxxx |
--------

ACTUATOR_MOMENT
     0:  0.02       1:  0.046      2:  1          3:  0.08       4: -0.08    
     0:  0.02       1:  0.046      2:  1          3:  0.08       4:  0.08    
     0:  0.02       1:  0.046      2:  1          3: -0.08       4: -0.08       5: -8.7e-19 
     0:  0.02       1:  0.046      2:  1          3: -0.08       4:  0.08       5: -2.2e-19 

CRB
   0         0         0         0         0         0         0         0         0         0       
   0.0054    0.0054    0.01      4.6e-06   9.9e-05   0.00023   0         9.4e-16   0         1.1     

QM
   1.1     
   0         1.1     
   0         0         1.1     
  -0.0029    0.0042   -0.00014   0.0054  
  -0.0042   -0.0029    0.00022   8.3e-19   0.0054  
  -1.8e-16   1.4e-16  -3e-18     1.5e-18   3.7e-19   0.01    

M
     0:  1.1     
     0:  0          1:  1.1     
     0:  0          1:  0          2:  1.1     
     0: -0.0029     1:  0.0042     2: -0.00014    3:  0.0054  
     0: -0.0042     1: -0.0029     2:  0.00022    3:  8.3e-19    4:  0.0054  
     0: -1.8e-16    1:  1.4e-16    2: -3e-18      3:  1.5e-18    4:  3.7e-19    5:  0.01    

QLD
     0:  1.1     
     0:  4.3e-06    1:  1.1     
     0:  9.2e-05    1:  0.00021    2:  1.1     
     0: -0.54       1:  0.78       2: -0.025      3:  0.0054  
     0: -0.78       1: -0.54       2:  0.04       3:  1.5e-16    4:  0.0054  
     0: -1.7e-14    1:  1.4e-14    2: -2.9e-16    3:  1.4e-16    4:  3.5e-17    5:  0.01    

QLDIAGINV
   0.95    
   0.95    
   0.95    
   1.8e+02 
   1.8e+02 
   96      

CONTACT
ACTUATOR_VELOCITY
   9.8     
   10      
   9.8     
   9.9     

CVEL
   0         0         0         0         0         0       
   0.66     -0.11      12        0.46      1.8       9.8     

CDOF_DOT
   0         0         0         0         0         0       
   0         0         0         0         0         0       
   0         0         0         0         0         0       
   0        -0         0         5.7      -8.1       1.2     
   0         0        -0         8.1       5.6      -1.4     
   0         0         0         1.4      -0.27     -0.015   

QFRC_BIAS
   0.026   
  -0.039   
   10      
   0.043   
   0.0013  
  -7.4e-17 

QFRC_SPRING
   0       
   0       
   0       
   0       
   0       
   0       

QFRC_DAMPER
   0       
   0       
   0       
   0       
   0       
   0       

QFRC_GRAVCOMP
   0       
   0       
   0       
   0       
   0       
   0       

QFRC_FLUID
   0       
   0       
   0       
   0       
   0       
   0       

QFRC_PASSIVE
   0       
   0       
   0       
   0       
   0       
   0       

SUBTREE_LINVEL
   0         0         0       
   0         0         0       

SUBTREE_ANGMOM
   0         0         0       
   0         0         0       

ACTUATOR_FORCE
   4       
   4       
   4       
   4       

QFRC_ACTUATOR
   0.32    
   0.74    
   16      
  -1.1e-16 
  -5.6e-17 
  -4.3e-18 

QFRC_SMOOTH
   0.29    
   0.78    
   5.6     
  -0.043   
  -0.0013  
   7e-17   

QACC_SMOOTH
   0.26    
   0.77    
   5.3     
  -8.2     
   0.16    
   3.4e-15 

QFRC_CONSTRAINT
   0       
   0       
   0       
   0       
   0       
   0       

QFRC_INVERSE
   0       
   0       
   0       
   0       
   0       
   0       

CACC
   0         0         0         0         0         0       
   0         0         0         0         0         0       

CFRC_INT
   0         0         0         0         0         0       
   0         0         0         0         0         0       

CFRC_EXT
   0         0         0         0         0         0       
   0         0         0         0         0         0       

